0.998359334082524
0.7118086827464712
0.9984521488950727
0.381234678105374
0.9605904584786847
0.9493973780030076
0.9784541327241479
0.9965132394038804
0.995772943892382
0.8588008247455367
0.8523851414350208
0.5993007029126429
0.9708832198537195
0.926701701675926
0.6824727731475861
0.9373734457640632
0.7395389737013635
0.5535081567818951
0.6557984967016145
0.4062217401386688
0.17835472837062538
0.35376016057601406
0.8626114424798909
0.641403237881482
0.42801368142344826
0.510553324092815
0.5658325949888644
0.5018985382335949
0.5247613547782359
0.5139057219701502
0.4581372415675874
0.440393007983613
0.28550681439971887
0.9052821192734521
0.6380235462289022
0.928756156884938
0.4421770656989588
0.5491194963955964
0.8996477890866347
0.5730432916292982
0.13980062220215997
0.06973531161235914
0.24003800426036964
0.5098947270547238
0.6808404189722522
0.8990336537157563
0.25687322897603243
0.8673104630464822
0.7964959248394445
0.8767494772304291
0.830912534114286
0.5766955613278457
0.801546782446262
0.531679450891385
0.7806108745147473
0.8735867809203748
0.8225101041769618
0.8147614236024434
0.9914630902516015
0.9149043490307863
0.756218229096858
